#====================[TEXTURES]===================================
# id	file_path	transparent_color_r	g	b
[TEXTURES]
0	textures\castle\simon_sprite.png	255	0	255
1	textures\castle\color.png	255	0	255
20	textures\castle\ground\Brick1.png	255	0	255
21	textures\castle\ground\Brick3.2.png	255	0	255
30	textures\castle\map\Scene1\1.png	255	0	255
40	textures\castle\ground\0.png	255	0	255
50	textures\castle\weapon\morningstar.png	255	0	255
60	textures\castle\item\1.png	255	0	255
70	textures\castle\item\3.png	255	0	255
80	textures\castle\blackboard.png	255	0	255
90	textures\castle\font\1.png	255	0	255
100	textures\castle\weapon\1.png	255	0	255
101	textures\castle\heal.png	255	0	255
102	textures\castle\other\1.png	255	0	255
103	textures\castle\other\0.png	255	0	255
104	textures\castle\item\2.png	255	0	255
105	textures\castle\ground\1.png	255	0	255
106	textures\castle\item\0.png	255	0	255
107	textures\castle\enemy\BlackKnight.png	255	0	255
108	textures\castle\enemy\Zombie.png	255	0	255
109	textures\castle\enemy\Bat.png	255	0	255
110	textures\castle\weapon\HolyWater.png	255	0	255
111	textures\castle\item\4.png	255	0	255
112	textures\castle\ground\BrokenBrick.png	255	0	255
113	textures\castle\item\Crown.png	255	0	255
114	textures\castle\enemy\Ghost.png	116	116	116
115	textures\castle\item\StopWatch.png	116	116	116
116	textures\castle\weapon\Boomerang.png	116	116	116
117	textures\castle\weapon\Axe.png	116	116	116



#====================[SPRITES]===================================
# id	left	top	right	bottom	texture_id	(X_Draw)
[SPRITES]
# SIMON 480 198
# idle left
10011	0	0	32	64	0
#walk
10012	32	0	64	64	0
10013	64	0	96	64	0
10014	32	0	64	64	0
# sit left
10041	96	0	128	64	0
# jumping left
10051	96	0	128	64	0
# die 
10099	288	0	320	64	0
# sit_attack
10100	32	64	80	128	0	16
10101	80	64	112	128	0
10102	112	64	160	128	0	-16
#stand_attack
10103	128	0	176	64	0	16
10104	176	0	208	64	0
10105	208	0	256	64	0	-16
#climbing
10106	0	64	32	128	0
10107	352	0	384	64	0
10108	320	0	352	64	0
10109	352	0	384	64	0
#Stair_up_attack
10110	288	64	336	128	0	16
10111	336	64	368	128	0
10112	368	64	416	128	0	-16
#Stair_down_attack
10113	160	64	208	128	0	16
10114	208	64	240	128	0
10115	240	64	288	128	0	-16
#Freeze
10120	0	0	32	64	1
10121	32	0	64	64	1
10122	64	0	96	64	1
10123	96	0	128	64	1
#Hurting
10124	256	0	288	64	0


#BRICK
40001	0	0	32	32	20
40002	0	0	32	32	21


#Title Map, l, t, r, b se dc set lai
50001	1	1	1	1	30
# blackoard
50002	0	0	520	80	80
#boardHealth
50003	0	0	11	18	101
50004	11	0	22	18	101
50005	22	0	33	18	101

#FONT

51000	0	0	15	14	90
51001	15	0	30	14	90
51002	30	0	45	14	90
51003	45	0	60	14	90
51004	60	0	75	14	90
51005	75	0	90	14	90
51006	90	0	105	14	90
51007	105	0	120	14	90
51008	120	0	135	14	90
51009	135	0	150	14	90
51010	150	0	165	14	90
51011	165	0	180	14	90
51012	180	0	195	14	90
51013	0	14	15	28	90
51014	15	14	30	28	90
51015	30	14	45	28	90
51016	45	14	60	28	90
51017	60	14	75	28	90
51018	75	14	90	28	90
51019	90	14	105	28	90
51020	105	14	120	28	90
51021	120	14	135	28	90
51022	135	14	150	28	90
51023	150	14	165	28	90
51024	165	14	180	28	90
51025	180	14	195	28	90
51026	0	28	15	42	90
51027	15	28	30	42	90
51028	30	28	45	42	90
51029	45	28	60	42	90
51030	60	28	75	42	90
51031	75	28	90	42	90
51032	90	28	105	42	90
51033	105	28	120	42	90
51034	120	28	135	42	90
51035	135	28	150	42	90
51036	150	28	165	42	90



#TORCH
60001	0	0	32	64	40
60002	32	0	64	64	40

#CANDLE
60003	0	0	16	32	105
60004	16	0	32	32	105

# morningStar
70001	0	0	160	68	50
70002	160	0	320	68	50
70003	320	0	480	68	50

# upgradeMorningstar
70005	0	68	160	136	50
70006	160	68	320	136	50
70007	320	68	480	136	50

# MorningStar LV2
70009	0	136	160	204	50
70010	160	136	320	204	50
70011	320	136	480	204	50

#UpgradeMorningStar
71000	0	0	32	32	70

#large_heart
80001	0	0	24	20	60

#SmallHeart
80002	0	0	16	16	106

#Dagger
81000	0	0	32	18	100

#FIRE
81010	0	0	42	44	102
81011	42	0	84	44	102
81012	84	0	126	44	102
81013	126	0	168	44	102

#Hit
81014	0	0	16	20	103
81015	16	0	32	20	103

#MONNEY
81016	0	0	30	30	104
81017	30	0	60	30	104
81018	60	0	90	30	104

#Black Knight
81020	0	0	32	64	107
81021	32	0	64	64	107
81022	64	0	96	64	107

#Zombie
81025	0	0	32	64	108
81026	32	0	64	64	108

#Bat
81029	0	0	32	32	109
81030	32	0	64	32	109
81031	64	0	96	32	109
81032	96	0	128	32	109

#Holy Water
81035	0	0	32	26	110
81036	32	0	64	26	110
81037	64	0	96	26	110
81038	96	0	128	26	110

#Holy Water Item
81045	0	0	32	32	111

#BrokenBrick
81050	0	0	18	23	112
81051	18	0	36	23	112

#crown
81053	0	0	32	32	113
81054	32	0	64	32	113
81055	64	0	96	32	113
81056	96	0	128	32	113

#ghost
81057	0	0	32	32	114
81058	32	0	64	32	114

#StopWatch
81059	0	0	32	32	115

#Boomerang
81060	0	0	32	32	116
81061	32	0	64	32	116
81062	64	0	96	32	116

#Axe
81063	0	0	32	32	117
81064	32	0	64	32	117
81065	64	0	96	32	117
81066	96	0	128	32	117

#====================[ANIMATIONS]===================================
# ani_id	sprite1_id	time1	sprite2_id	time2	...
[ANIMATIONS]
# ==== SIMON =========
#idle left
401	10011	100
#walk left 
501	10011	100	10012	100	10013	100	10014	100
#jump left
502	10051	100
# sit left
503	10041	100
#sit_attack
504	10100	100	10101	100	10102	100
#stand_attack
505	10103	100	10104	100	10105	100
#Climbing
506	10106	100
507	10107	100
508	10108	100
509	10109	100
#Stair_up_attack
510	10110	100	10111	100	10112	100
511	10113	100	10114	100	10115	100
#Freeze
520	10120	100	10121	100	10122	100	10123	100
#Hurting
521	10124	100
#die
599	10099	100

# ==== BRICK =========
602	40001	100
603	40002	100

# === TORCH ====
701	60001	100	60002	100

#===CANDLE=====
702	60003	100	60004	100

# =======MorningStar======
801	70001	100	70002	100	70003	100

#==morningstar 1====
802	70005	100	70006	100	70007	100

#=========MorningStar LV2=========
803	70009	100	70010	100	70011	100

#========upgradeMorningStar=======
809	71000	100

#=======LARGEHEART===========
901	80001	100

#=======SMALLHEART===========
902	80002	100

#======FONT=======
1000	51000	100
1001	51001	100
1002	51002	100
1003	51003	100
1004	51004	100
1005	51005	100
1006	51006	100
1007	51007	100
1008	51008	100
1009	51009	100
1010	51010	100
1011	51011	100
1012	51012	100
1013	51013	100
1014	51014	100
1015	51015	100
1016	51016	100
1017	51017	100
1018	51018	100
1019	51019	100
1020	51020	100
1021	51021	100
1022	51022	100
1023	51023	100
1024	51024	100
1025	51025	100
1026	51026	100
1027	51027	100
1028	51028	100
1029	51029	100
1030	51030	100
1031	51031	100
1032	51032	100
1033	51033	100
1034	51034	100
1035	51035	100
1036	51036	100

# =======BOARD========
1100	50002	100
#=======BoardHealth=====
1101	50003	100
1102	50004	100
1103	50005	100

#========dagger=========
1110	81000	100

#========monney=========
1111	81016	100
1112	81017	100
1113	81018	100

#=======Fire============
1200	81010	100	81011	100	81012	100	81013	100

#=======Hit=============
1201	81014	200	81015	100

#=======Black Knight=========
1210	81020	100	81021	100	81022	100

#========Zombie===========
1211	81025	100	81026	100

#Bat
1212	81029	100
1213	81030	100	81031	100	81032	100

#Holy water
1214	81045	100

#holy water item
1215	81035	10	81036	100	81037	100	81038	100

#BrokenBrick
1216	81050	200	81051	100

#crown
1217	81053	50	81054	50	81055	50	81056	50

#Ghost
1218	81057	100	81058	100

#StopWatch
1219	81059	100

#Boomerang_item
1220	81061	100

#Boomerang
1221	81060	100	81061	100	81062	100
1222	81060	100	81062	100	81061	100

#Axe_item
1223	81063	100

#Axe
1224	81063	100	81064	100	81065	100	81066	100




#====================[ANIMATION_SETS]===================================
# id	ani0	ani1	ani2  (id.push_back(ani0...)
# 
[ANIMATION_SETS]
# MARIO
1	401	501	503	502	599	504	505	506	507	508	509	510	511	520	521
#  BRICK 
22	602
23	603

# TORCH
33	701

#CANDLE
34	702

# MORNINGSTAR
44	801	802	803

#LARGEHEART
45	901

#UpgradeMorningStar
46	809

#FONT
47	1000	1001	1002	1003	1004	1005	1006	1007	1008	1009	1010	1011	1012	1013	1014	1015	1016	1017	1018	1019	1020	1021	1022	1023	1024	1025	1026	1027	1028	1029	1030	1031	1032	1033	1034	1035	1036

#BOARD
48	1100

#DAGGER
49	1110

#boardHealth
50	1101	1102	1103

#Fire
51	1200

#Hit
52	1201

#Monney
53	1111	1112	1113

#SmallHeart
54	902

#Black Knight
55	1210

#Zombie
56	1211

#Bat
57	1212	1213

#holy water item
58	1214
#holy water
59	1215	1214

#BrokenBrick
60	1216

#Crown
61	1217

#ghost
62	1218

#StopWatch
63	1219

#Boomerang item
64	1220

#boomerang
65	1221	1220	1222

#AxeItem
66	1223

#Axe
67	1224	1223


#====================[OBJECTS]===================================
[OBJECTS]
# type	x	y	ani_set_id	id	extra_settings per object type

#id: simon 0, portal 1, 2 <= brick < 1000, 1000 <= torch < 1200, 1200 <= ghost < 1300...

# type: 0 = Mario , 1 = Brick, 2 = torch, 50 = portal

# MARIO
0	17	115	1	0


# BRICK=== 1 default brick, 8 special brick, 9 special brick small(dung cho bbox nho lai)
# special brick:
#type	x	y	ani_set_id	id(ko quan trong)	width	height
8	0	400	22	3	1536	32
# BRICK 
9	0	400	22	3
9	32	400	22	4
9	64	400	22	5
9	96	400	22	6
9	128	400	22	7
9	160	400	22	8
9	192	400	22	9
9	224	400	22	10
9	256	400	22	11
9	288	400	22	12
9	320	400	22	13
9	352	400	22	14
9	384	400	22	15
9	416	400	22	16
9	448	400	22	17
9	480	400	22	18
9	512	400	22	19
9	544	400	22	20
9	576	400	22	21
9	608	400	22	22
9	640	400	22	23
9	672	400	22	24
9	704	400	22	25
9	736	400	22	26
9	768	400	22	27
9	800	400	22	28
9	832	400	22	29
9	864	400	22	30
9	896	400	22	31
9	928	400	22	32
9	960	400	22	33
9	992	400	22	34
9	1024	400	22	35
9	1056	400	22	36
9	1088	400	22	37
9	1120	400	22	38
9	1152	400	22	39
9	1184	400	22	40
9	1216	400	22	41
9	1248	400	22	42
9	1280	400	22	43
9	1312	400	22	44
9	1344	400	22	45
9	1376	400	22	46
9	1408	400	22	47
9	1440	400	22	48
9	1472	400	22	49
9	1504	400	22	50







# TORCH
2	135	335	33	99
2	460	335	33	100
2	790	335	33	101
2	1200	335	33	102
2	1300	335	33	103
2	1400	335	33	104








# --- SCENE PORTAL ---- 1450 280 1480 335
# type	l	t	ani_set_id	id	r	b	scene_id	SwitchType
50	1450	250	0	999	1470	370	2	1




#====================[TILEMAP]===================================
[TILEMAP]
#TILEMAP
# filepath	mapTXT
textures\castle\map\Scene1\1.png	textures\castle\map\Scene1\1.txt


#=====================[LOADSIMON]===============================
#=========[LOADSIMON_0]============
#X	Y
[LOADSIMON_0]
1345	250


#=========[LOADSIMON_1]============
#X	Y
[LOADSIMON_1]
10	200